4
3686
0
512
move 7d76d48d64d7ac5411d714a4bb83f37e3e5b8df6 2,4289,4801 512 2,4288,4800
move e0a977713b6d1a3f54e6c579a358c24f408de0f4 4,3585,3589,3781,4289 512 4,3585,3589,3780,4288
new 2,3589,3781
new 2,0,1
bsdiff 0 235 886b770288f42efc9a365c744d58574d31144fac 0a2796c829411fcc1d105bc5032c5ee092c64bd5 2,1,513 512 2,1,513
bsdiff 235 161 50ae204a0cf6e56cc157f3e082e5a7c4bedb5639 ecb74d312f22ced2cacec51af4bc1171db7541ad 2,513,1025 512 2,513,1025
bsdiff 396 165 dbc6f2625f3c02d1418beda4bf7e027077f6cc0b ff8146f0a3122b58d9c90f54730e4ab1b854f021 2,1025,1537 512 2,1025,1537
bsdiff 561 366 1c3ced264d44fb90561fefe787d4fbdac1924b3d c64dc96c0e60211e59cfcdbafbf091f2c63a0da5 2,3073,3585 512 2,3073,3585
new 2,4801,5222
